No. CertifCedula Tit       Nombre Titular        SeparaciónSeparación  Nov-25  Separación  Dec-25    Jan-26    Feb-26    Mar-26    Apr-26    May-26    Jun-26    Jul-26    Aug-26    Sep-26    Oct-26    Nov-26    Dec-26    Jan-27    Feb-27
   259     804004189Inversiones Palermo Y Cia Ltda                   20,000,000           4,500,000 4,500,000 4,500,000 4,500,000 4,000,00055,000,000 4,500,000 4,500,000 4,500,000 4,500,00035,000,000
   773      79485762Orlando Lopez Gutierrez      20,000,000          19,000,000          19,000,00019,000,00019,000,00019,000,00035,000,000
    80    1098778566Daniel Santiago Pico Toledo  20,000,000           5,000,000           5,000,00020,000,00025,000,000
    92      91209996Roberto Clavijo Puyana       20,000,000          13,750,000          13,750,00013,750,00013,750,000
    40      91522585Kleyber Julian Acevedo Cardon20,000,000          20,000,000                     5,000,000 5,000,000          30,000,000          70,000,000
   245    1098636862Silvia Juliana Guerra Rangel 20,000,000          40,000,000          40,000,000          10,937,50010,937,50010,937,50010,937,50010,937,50010,937,50010,937,50010,937,500
   777      91295014Oscar Alberto Acevedo Rueda                      38,000,000                              32,000,00010,000,00010,000,00010,000,00010,000,00010,000,00010,000,00010,000,00010,000,000
   302    1082862765Luis Eduardo Jaramillo Gelvez20,000,000          10,000,000          10,000,00010,000,00010,000,00010,000,00010,000,00010,000,00010,000,00010,000,00010,000,00015,000,00015,000,000
   112    1095804765Lizeth Calderon Ordońez      20,000,000          20,000,000          20,000,00020,000,00020,000,00020,000,00020,000,00020,000,00027,500,000
   159    1098630705Laura Soraya Saba Santiago   30,000,000           8,250,000           8,250,000 8,250,000 8,250,000 8,250,000 8,250,000 8,250,000 8,250,000 8,250,000 8,250,000
   365    1098626466Katerine Gissella Vargas Quin20,000,000          25,000,000          22,500,000
    45      91480939Juan Carlos Aycardi Sepulveda20,000,000          25,000,000          30,000,000
   143    1098653115Camilo Enmanuel Barajas Pertuz         20,000,000                    15,000,00020,000,00020,000,000
    37      13841517Rodolfo Soto Becerra                             20,000,000                              40,000,00020,000,00020,000,00020,000,00020,000,00047,500,000
   192     901010297Inversiones de Santander SAS 20,000,000                               5,000,000 5,000,00010,000,00011,000,00011,000,00011,000,00011,000,00011,000,00011,000,00011,000,00011,000,00011,000,00011,000,000
    32      63320536Liliana Manjarres Duarte                         15,000,000          20,000,000                                                            40,000,000
    70      13720957Leonel Barbosa Mateus        10,000,000          10,000,000          10,000,00010,000,00010,000,00010,000,00015,000,000
   249      41616489Janeth Quintero de Pacheco   20,000,000          10,800,000          10,800,00010,800,00010,800,00010,800,00010,800,00010,800,00010,800,00010,800,00010,800,00010,800,00011,200,000
    56      37842661Carolina Buitrago Aguilar    20,000,000          20,000,000          20,000,00020,000,00020,000,00050,000,000
    47      60367258Nubia Lorena Medina Herrera            20,000,00030,000,000          30,000,00030,000,00040,000,000
    83      79152005Juan Carlos Rueda Galvis                         20,000,000           4,500,000 4,500,000 4,500,000 4,500,000 4,500,000 4,500,000 4,500,000 4,500,000 4,500,000 4,500,000 4,500,000 5,500,000
   203     900809397Grupo Tribecca sas                               20,000,000          10,000,00010,000,00010,000,00010,000,00015,000,000
   321     901108892Retcor SAS                                       20,000,000          20,000,00035,000,000
   202      63560077Olga Juliana Ardila Ospina             20,000,000                    20,000,00020,000,00020,000,00020,000,00020,000,00030,000,000
   723      71376511Alejandro Alberto Olano Luna           20,000,00025,000,000          30,000,000
    61      91542366Gersson Enrique Joya Rodriguez         20,000,000 8,000,000           8,000,000 8,000,000 8,000,000 8,000,000 8,000,000 8,000,000 8,000,000 8,000,000 8,000,00020,000,000
   689      72275289Ulises Granados Oliveros                         25,000,000                                        50,000,000
   575      91292172Oscar Mauricio Moreno Rodriguez        20,000,00025,000,000          30,000,000
   610      18928103Leoncio Picon Rosado                   20,000,00020,000,000          22,000,00022,000,00022,000,00022,000,00022,000,000
   163      37727910Johana Rodriguez Villalba                                  20,000,000                                        35,000,000                                                                      20,000,000
   306    1098738126Nicolas Mauricio Grau Prada            24,750,000                     9,281,250 9,281,250 9,281,250 9,281,250 9,281,250 9,281,250 9,281,250 9,281,250 9,281,250 9,281,250 9,281,250 9,281,250 9,281,250 9,281,250 9,281,250
   297      91540402Juan Camilo Perez Parra                24,750,000                     5,500,000 5,500,000 5,500,000 5,500,000 5,500,00050,000,000 5,500,000 5,500,000 5,500,000 5,500,000 5,500,000 5,500,000 5,500,000 5,500,000 5,500,000
   309    1098641945Andres Felipe Rey Rodriguez            42,000,000                              16,500,000 8,250,000 8,250,000 8,250,000 8,250,000 8,250,000 8,250,000 8,250,000 8,250,000 8,250,000 8,250,000 8,250,000 8,250,000 8,250,000
   142    1098631874Maria Carolina Peńuela Vargas                    20,000,000          20,000,00020,000,00020,000,00020,000,00020,000,00030,000,000
    71    1010170542Ronald Alberto Maldonado Marin                   20,000,000          12,000,000 9,000,000 9,000,00050,000,00050,000,000
   242      37547426Silvia Bibiana Pedraza Torres          20,000,00025,000,000                                                                                                                                  30,000,000
   341      37513526Maria Carolina Rozo Arenas                       30,000,000                               5,625,000 5,625,000 5,625,000 5,625,000 5,625,000 5,625,000 5,625,000 5,625,000
   621      91292967Jose Manuel Rios Herrera                         20,000,000                    10,000,000 7,500,000 7,500,000 7,500,000 7,500,000 7,500,000 7,500,000
    21    1098746550Jose Alfredo Mattos Chacon             20,000,000                    10,000,000          20,000,000 1,000,000 1,000,000 1,000,000 1,000,000 1,000,000 1,000,000 1,000,000 1,000,000 1,000,000 1,000,000 1,000,000 1,000,000
   222      63318551Elba Lucia Estevez Contreras           20,000,00025,000,000          30,000,000
   167      37721529Paola Lizeth Ulloa Ferreira            40,000,000                                        60,000,000                              50,000,000
   427      79904435Nerthink Mauricio Aguilar Hurtado      20,000,00025,000,000          25,000,00025,000,00025,000,000
    90     901959141MASC Diseńos y Construcciones                    10,000,000                                        20,000,000                              20,000,000                              25,000,000
   366      91515233Henry Alexander Vargas Quintero        20,000,000                              16,000,00016,000,00016,000,00016,000,00016,000,00012,500,000
   744      13747551Hector Andres Cruz Ballesteros                   20,000,000           9,000,000 9,000,000 9,000,000 9,000,000 9,000,000 9,000,000 9,000,000 9,000,00019,300,00019,300,00011,900,000
   103    1015393407Gisela Karina Aguilar Villa            20,000,000                     5,000,000          10,000,000 8,000,000 8,000,000 8,000,000 8,000,000 8,000,000 8,000,000 8,000,000 8,000,000 8,000,00013,000,000
   168      91454463Edgar Silva Gonzalez                                                 50,000,000                    25,000,00025,000,00025,000,00025,000,000
   127    1098695937Rafael David Torrado Escobar                     20,000,000          20,000,00020,000,000127,500,000
    73      80092607William Jovanny Cardozo Cardozo                  20,000,000                              20,000,00035,000,000
   822     901854769SILVA RESTREPO MP            20,000,000          12,000,000          12,000,00012,000,00012,000,00012,000,00012,000,00012,000,00012,000,00012,000,00011,000,00011,000,000
   169      71367728Pablo Enrique Prada Mantilla                     20,000,000          10,000,00027,000,00018,500,00018,500,00018,500,00018,500,00019,000,000
   216     900557816GRUPO SAMSARA S.A.S.                   20,000,00025,000,000          30,000,000
    59      13540944Allen Yamith Moreno Escobar            20,000,00042,000,000          42,000,00042,000,00019,000,000
   111     804010848COMERPOL SAS                                     20,000,000          18,600,00018,600,00018,600,00018,600,00018,600,00018,600,00018,400,000
   275      79627543Carlos Andres Esquivel Bohorquez                 20,000,000          33,000,00010,000,00041,500,00041,500,00041,500,000
   197      88287779Sanin Gomez Torrado                    20,000,00030,000,000          30,000,00030,000,00040,000,000
   266    1098802279Charles Edward Robert Smith Gomez                20,000,000           5,000,000 5,000,000 5,000,000 5,000,000 5,000,000 5,000,000 5,000,000 5,000,000 5,000,000 5,000,000 5,000,000
    98    1098647303Enrique Alexander Joya Rodriguez       20,000,000                    18,000,00018,000,00019,000,000
    95    1097781801Catalina Parra Sepulveda               20,000,000                    120,000,000         47,500,000
   779      79945407Julio Enrique Gordillo Carreńo                                       10,000,000 5,000,000 5,000,000 5,000,000 5,000,000 5,000,000 5,000,000 5,000,000 5,000,000 5,000,000 5,000,000 5,000,000 5,000,000 5,000,000
   172      91283574Jairo Enrique Olave Perez                        20,000,000          10,000,00025,000,00020,000,000
   178    1098764163Elkin Uriel Acevedo Cancino                                          20,000,000                                                  27,500,000                                                  27,500,000
   329      91292219Cesar Augusto Gomez Delgado            20,000,000                                                                                          167,500,000
   188      63343155Claudia Milena Sandoval Prada                    20,000,000          25,000,00030,000,000
   129      91478089Ricardo Parra Isaza                                                            18,750,00018,750,00018,750,00018,750,000
   294      13435824Orlando Diaz Montoya                                                 20,000,00013,750,00013,750,00013,750,00013,750,000
   339      71712888Juan David Arias Aristizabal                     20,000,000          30,000,000          60,000,000          25,000,00015,000,000
   324     802000282CRECIUNION LIMITADA                                        24,750,000          35,000,00035,000,00035,000,00035,000,00022,750,000
   323     800060530ALCA LIMITADA                                              24,750,000          35,000,00035,000,00035,000,00035,000,00022,750,000
    34      80088335Leonardo Enrique Carrillo Jimenez                          20,000,00026,000,00026,000,00026,000,00026,000,00026,000,000
   563      91475103Carlo Gustavo Garcia Mendez                      20,000,000          10,000,00010,000,00010,000,00010,000,00010,000,00010,000,00010,000,00010,000,00010,000,00010,000,00010,000,00012,500,000 7,500,000
    57    1098773539Anggie Nathalia Barbosa Salazar                            20,000,00010,000,00020,000,00025,000,000
   555     901448459Educacion Colombia SAS                           20,000,000                              32,500,00032,500,00032,500,00032,500,000
   166      13834402Jose Libardo Holguin Diaz                                  20,000,00020,000,00035,000,000
   319      91492958Camilo Orlando Reyes Carrascal                             50,000,000          50,000,00050,000,000
   585      13715548Fabian Rolando Mendez Caceres                              30,000,000          25,000,00020,000,000
   125      91107916Juan Carlos Garcia Monsalve                                24,750,000           9,281,250 9,281,250 9,281,250 9,281,250 9,281,250 9,281,250 9,281,250 9,281,250 9,281,250 9,281,250 9,281,250 9,281,250 9,281,250 9,281,250
   508    1032384671Edinson Ricardo Juzga Pinto                                                    20,000,000 5,000,000 5,000,000 5,000,000 5,000,000 5,000,000 5,000,000 5,000,000 5,000,000 5,000,000 5,000,000 5,000,000
   145     901174570DOCTORES ANDRES NARANJO SAS            20,000,000                    30,000,00022,000,00032,000,00023,500,00020,000,00020,000,00020,000,000
   612      13749387John Alexander Rios Herrera                      20,000,000                    10,000,000 7,500,000 7,500,000 7,500,000 7,500,000 7,500,000 7,500,000
   225      13870690Julian Andres Serrano Gomez                                24,750,000 9,281,250 9,281,250 9,281,250 9,281,250 9,281,250 9,281,250 9,281,250 9,281,250 9,281,250 9,281,250 9,281,250 9,281,250 9,281,250 9,281,250 9,281,250
   160    1098657327Selim Alberto Saba Santiago  30,000,000           8,250,000           8,250,000 8,250,000 8,250,000 8,250,000 8,250,000 8,250,000 8,250,000 8,250,000 8,250,000
   184      63529149Libia Clemencia Laiton ulloa           20,000,00025,000,000          25,000,00025,000,00025,000,000
   288      10244082Hector Faustino Grisales Giraldo                                     20,000,000          20,000,000          20,000,000          15,000,000
   120    1005104776Juan Camilo Vesga Solano                                             10,000,000                                                                                                    20,000,000
   100     901556142AZULADO INMOBILIARIA SAS                                   21,000,000           3,000,000 3,000,000 3,000,000 3,000,000 3,000,000 3,000,000 3,000,000 3,000,000 3,000,000 3,000,000 3,000,000 3,000,000 3,000,000 3,000,000
   562      63307202Claudia Lucia Lozano Calderon                                                             5,614,836 5,614,836 5,614,836 5,614,836 5,614,836 5,614,836 5,614,836 5,614,836 5,614,836 5,614,836 5,614,836 5,614,836 5,614,836
   296     901284175Holding Thofa SAS                                                                        24,000,000 9,000,000 9,000,000 9,000,000 9,000,000 9,000,000 9,000,000 9,000,000 9,000,000 9,000,000 9,000,000 9,000,000 9,000,000
    74     900948147Pelletco SAS                                                         38,000,000 2,000,00035,000,000
   230    1097096316Santiago Amador Carvajal                                                                 24,000,000 9,000,000 9,000,000 9,000,000 9,000,000 9,000,000 9,000,000 9,000,000 9,000,000 9,000,000 9,000,000 9,000,000 9,000,000
   273      19479543Hernan Duarte Torres                                                                     15,000,00015,000,00015,000,00015,000,00015,000,000
    8       91518254Wilson Prada Bautista                                                                    20,000,000                                        65,000,000                                        65,000,000
   135      88227021Wilmer Leonardo Navarro Lindarte                                               24,750,000 9,281,250 9,281,250 9,281,250 9,281,250 9,281,250 9,281,250 9,281,250 9,281,250 9,281,250 9,281,250 9,281,250 9,281,250 9,281,250
   258     890208220Cabańa del Jean Limitada                                                       40,000,000 7,000,000 7,000,000 7,000,000 7,000,000 7,000,000
   823        266210David Barrera Centeno                                                20,000,00020,000,00035,000,000
   502      91446513Mauricio Posada Ortiz                                                                    50,000,000                              50,000,000                              50,000,000
   161      91216911Nelson Alberto Castańeda                                                                 30,000,000                    30,000,000                    30,000,000                    30,000,000
   218     901878795Actos Jurídicos SAS                                                                      24,750,000 9,281,250 9,281,250 9,281,250 9,281,250 9,281,250 9,281,250 9,281,250 9,281,250 9,281,250 9,281,250 9,281,250 9,281,250
   240    1098623465Andres Guillermo Barco Manrique                                                                    18,750,00018,750,00018,750,00018,750,00018,750,00018,750,00018,750,00018,750,00018,750,00018,750,000
   285       3745694Alfonso Eduardo Perez Matera                                                             12,500,00012,500,00012,500,00012,500,00012,500,00012,500,000
    33      37862883Henny Lizeth Becaria Pinzon                                                                        93,750,00023,437,50023,437,50023,437,50023,437,500
   650      63293083Gloria Isabel Loza                                                   10,000,000           7,500,00020,000,000          20,000,00010,000,000
   344      91204130Fosion Mujica Jaimes                   20,000,000                    10,000,00010,000,00010,000,00010,000,00015,000,000
   134    1098794575Pedro Luis Mesa Parra                                                          20,000,00011,000,00011,000,00011,000,00011,000,00011,000,000
   164      13835761Fernando Vargas Mendoza                                                                  35,000,00020,000,000          20,000,000
   267      91528687Javier Fernando Navas Rodriguez                                                           3,260,870 3,260,870 3,260,870 3,260,870 3,260,870 3,260,870 3,260,870 3,260,870 3,260,870 3,260,870 3,260,870 3,260,870 3,260,870
    23    1098672146Laura Patricia Navas Rodriguez                                                            3,260,870 3,260,870 3,260,870 3,260,870 3,260,870 3,260,870 3,260,870 3,260,870 3,260,870 3,260,870 3,260,870 3,260,870 3,260,870
   276      79904951Mario Criales                                                                                      20,000,000                    20,000,000                              20,000,000          20,000,000
    72      19350629Gilberto Corredor Hernandez                                                              24,750,000 9,281,250 9,281,250 9,281,250 9,281,250 9,281,250 9,281,250 9,281,250 9,281,250 9,281,250 9,281,250 9,281,250 9,281,250
   838      91278662Javier Mauricio Nińo Carrillo                                                                      30,000,00030,000,00090,000,000
   399     890203822Club Atlético Bucaramanga SA                                                                       24,750,00020,250,00020,250,00020,250,00020,250,00020,250,00020,250,00020,250,00020,250,00020,250,00020,250,00020,250,000
    62      27602214Tatiana Maria Navarro Lindarte                                                 30,000,00040,000,00040,000,00040,000,000
   981      63551114Ivonne Patricia Rozo Angel                                                                                             30,000,000          30,000,000          30,000,000          30,000,00030,000,000
   311     901820211Luxor Cars Col SAS                                                                                                      5,614,836 5,614,836 5,614,836 5,614,836 5,614,836 5,614,836 5,614,836 5,614,836 5,614,836 5,614,836
   299    1095800271Sandra Plata Ortiz                                                                       20,000,00020,000,00020,000,00015,000,000
   303      63540205Nancy Andrea Monoga Torres             20,000,00025,000,000          30,000,000
   250    1098629567Juliana Ibańez Gamboa                            20,000,000          20,000,00035,000,000
   265    1098742265Javier Leonardo Camacho Ariza                    20,000,000          20,000,00035,000,000
   155      80819376Carlos Ernesto Cortes Leon                       20,000,000          20,000,00035,000,000
  Mar-27    Apr-27    May-27    Jun-27    Jul-27    Aug-27    Sep-27    Oct-27    Nov-27    Dec-27    Jan-28    Feb-28    Mar-28    Apr-28    May-28    Jun-28    Jul-28    Aug-28    Sep-28    Oct-28    Nov-28    Dec-28    Jan-29    Feb-29






























 9,281,250 9,281,250 9,281,250 9,281,250 9,281,250 9,281,250 9,281,250 9,281,250 9,281,250
 5,500,000 5,500,00050,000,000 5,500,000 5,500,000 5,500,000 5,500,000 5,500,000 7,250,000
 8,250,000 8,250,000 8,250,000 8,250,000 8,250,000 8,250,000 8,250,000 8,250,000 8,250,000





 1,000,000 1,000,000 1,000,000 1,000,000 1,000,000 1,000,000 1,000,000 2,000,000 2,000,000 2,000,000





































 9,281,250 9,281,250 9,281,250 9,281,250 9,281,250 9,281,250 9,281,250 9,281,250 9,281,250 9,281,250



 9,281,250 9,281,250 9,281,250 9,281,250 9,281,250 9,281,250 9,281,250 9,281,250 1,781,250



                                                                                20,000,000
 3,000,000 3,000,000 3,000,000 3,000,000
 5,614,836 5,614,836 5,614,836 5,614,836 5,614,836 5,614,836 5,614,836 5,614,836 5,614,836 5,614,836 5,614,836 5,614,836 5,614,836 5,614,836 5,614,836 5,614,836 5,614,836 5,614,836 5,614,836 5,614,836 5,614,836 5,614,836 5,614,836 5,614,836
 9,000,000 9,000,000 9,000,000 9,000,000 9,000,000 9,000,000 9,000,000 9,000,000 9,000,000 9,000,000 9,000,000 9,000,000

 9,000,000 9,000,000 9,000,000 9,000,000 9,000,000 9,000,000 9,000,000 9,000,000 9,000,000 9,000,000 9,000,000 9,000,000


 9,281,250 9,281,250 9,281,250 9,281,250 9,281,250 9,281,250 9,281,250 9,281,250 9,281,250 9,281,250 9,281,250




 9,281,250 9,281,250 9,281,250 9,281,250 9,281,250 9,281,250 9,281,250 9,281,250 9,281,250 9,281,250 9,281,250 9,281,250







 3,260,870 3,260,870 3,260,870 3,260,870 3,260,870 3,260,870 3,260,870 3,260,870 3,260,870 3,260,860
 3,260,870 3,260,870 3,260,870 3,260,870 3,260,870 3,260,870 3,260,870 3,260,870 3,260,870 3,260,860
20,000,000                    20,000,000                    30,000,000
 9,281,250 9,281,250 9,281,250 9,281,250 9,281,250 9,281,250 9,281,250 9,281,250 9,281,250 9,281,250 9,281,250 9,281,250




 5,614,836 5,614,836 5,614,836 5,614,836 5,614,836 5,614,836 5,614,836 5,614,836 5,614,836 5,614,836 5,614,836 5,614,836 5,614,836 5,614,836 5,614,836 5,614,836 5,614,836 5,614,836 5,614,836 5,614,836 5,614,836 5,614,836 5,614,836 5,614,836





  Mar-29    Apr-29    May-29    Jun-29    Jul-29    Aug-29    Sep-29    Oct-29    Nov-29    Dec-29    Jan-30    Feb-30    Mar-30    Apr-30    May-30    Jun-30    Jul-30    Aug-30    Sep-30    Oct-30    Nov-30    Dec-30    Jan-31






















































































 5,614,836 5,614,836 5,614,836 5,614,836 5,614,836 5,614,836 5,614,836 5,614,836 5,614,836 5,614,836 5,614,836


























 5,614,836 5,614,836 5,614,836 5,614,836 5,614,836 5,614,836 5,614,836 5,614,836 5,614,836 5,614,836 5,614,836 5,614,836 5,614,836 5,614,836





