No. CertifCedula TitNombre Tit  Oct-25    Nov-25    Dec-25    Jan-26    Feb-26    Mar-26    Apr-26    May-26  Total RecaSaldo Apor  31-Oct    30-Nov    31-Dec    31-Jan    28-Feb    31-Mar    30-Apr    31-May  Total RecaSaldo LockCartera Ma
   259     804004189Inversione         020,000,000 4,500,000         0 9,000,000         0 4,500,000         038,000,000112,000,00         0         0         0         0         0         0         0         0         0         0
   773      79485762Orlando Lo20,000,000         038,000,000         0         0         038,000,000         096,000,00054,000,000         0         0         0         0         0         0         0         0         0         0
    80    1098778566Daniel San20,000,000         010,000,000         0         0         0         0         030,000,00045,000,000         0         0         0         0         0         0         0         0         0         0
    92      91209996Roberto Cl         020,000,00027,500,000         0         0         0         0         047,500,00027,500,000         0         0         0         0         0         0         0         0         0         0
    40      91522585Kleyber Ju20,000,00020,000,000         0 5,000,000 5,000,000         0         010,000,00060,000,00090,000,000         0         0         0         0         0         0         0         0         0         0
   245    1098636862Silvia Jul20,000,00040,000,00040,000,000         010,937,50048,832,500         0 5,855,000165,625,0021,875,000         0         0         0         0         0         0         0         0         0         0
   777      91295014Oscar Albe         038,000,000         0         042,000,000         0         0         080,000,00070,000,000         0         0         0         0         0         0         0         0         0         020,000,000
   302    1082862765Luis Eduar         030,000,00010,000,000         020,000,00010,000,000         020,000,00090,000,00060,000,000         0         0         0         0         0         0         0         0         0         0         0
   112    1095804765Lizeth Cal20,000,00020,000,00020,000,00020,000,00020,000,00020,000,00020,000,00020,000,000160,000,0027,500,000         0         0         0         0         0         0         0         0         0 2,000,000         0
   159    1098630705Laura Sora30,000,000 8,250,000 9,142,500         0 8,250,000 8,250,00016,500,000 8,250,00088,642,50023,857,500         0         0         0 2,000,000         0         0         0         0 2,000,000 2,000,000
   365    1098626466Katerine G         020,000,000         0         0         020,000,000 7,000,000         047,000,00020,500,000         0         0         0         0         0         0         0         0         0 4,000,00020,500,000
    45      91480939Juan Carlo         020,000,000         0         0         0         0         0         020,000,00055,000,000         0         0         0         0         0         0         0         0         0 4,000,00055,000,000
   143    1098653115Camilo Enm         020,005,00010,000,00010,000,00010,000,00010,000,00010,000,000         070,005,000 4,995,000         0         0         0         0         0         0         0         0         0         0 4,995,000
    37      13841517Rodolfo So         020,000,000         0         020,000,000         0         0         040,000,000147,500,00         0         0         0         0         0         0         0         0         0         080,000,000
   192     901010297Inversione         020,000,000 5,000,000 5,000,00010,000,000 8,320,00011,000,000 3,830,00063,150,00086,850,000         0         0         0         0         0 2,000,000         0         0 2,000,000-2,000,000 9,850,000
    32      63320536Liliana Ma         015,000,00020,000,000         0         0         0         0         035,000,00040,000,000         0         0         0         0         0         0         0         0         0         0         0
    70      13720957Leonel Bar10,000,000         0         010,000,00010,000,00020,000,00010,000,000         060,000,00015,000,000         0         0         0         0         0         0         0         0         0         015,000,000
   249      41616489Janeth Qui20,000,00010,800,00010,800,00010,800,00010,800,00010,800,00010,800,00010,800,00095,600,00054,400,000         0         0         0         0         0         0         0         0         0 4,000,000         0
    56      37842661Carolina B         020,000,00020,000,00010,000,00010,000,00070,000,00010,000,000         0140,000,0010,000,000         0         0         0         0         0         0         0         0         0         010,000,000
    47      60367258Nubia Lore         040,000,00040,000,000         040,000,000         0         0         0120,000,0030,000,000         0         0         0         0         0         0         0         0         0         030,000,000
    83      79152005Juan Carlo         020,000,000         0 4,500,000         0         0         013,500,00038,000,00037,000,000         0         0         0         0         0         0         0         0         0 2,000,000 9,000,000
   203     900809397Grupo Trib         0         0         0         0         0         0         010,000,00010,000,00065,000,000         0         0         0         0         0         0         0         0         0         065,000,000
   321     901108892Retcor SAS         020,000,000         0         0         0         0         0         020,000,00055,000,000         0         0         0         0         0         0         0         0         0         055,000,000
   202      63560077Olga Julia         020,000,00020,000,00020,000,00020,000,00020,000,00020,000,000         0120,000,0030,000,000         0         0         0         0         0         0         0         0         0         030,000,000
   723      71376511Alejandro 10,000,00010,000,000 4,000,00016,000,000         0         0         0 1,000,00041,000,00034,000,000         0         0         0         0         0         0         0         0         0         034,000,000
    61      91542366Gersson En         0         020,000,000         0         0         0         0         020,000,000100,000,00         0         0         0         0         0         0         0         0         0 2,000,00056,000,000
   689      72275289Ulises Gra         0         025,000,000         0         0         0         030,000,00055,000,00020,000,000         0         0         0         0         0         0         0         0         0         020,000,000
   575      91292172Oscar Maur         045,000,000         0         0         0         0         0         045,000,00030,000,000         0         0         0         0         0         0         0         0         0         030,000,000
   610      18928103Leoncio Pi         020,000,000         024,000,00020,000,00040,000,00020,000,00015,000,000139,000,0011,000,000         0         0         0         0         0         0         0         0         0 2,000,00011,000,000
   163      37727910Johana Rod         0         020,000,000         0         0         035,000,000         055,000,00020,000,000         0         0         0         0         0         0         0         0         0         0         0
   306    1098738126Nicolas Ma         0         034,031,250 9,281,250 9,281,250 9,281,250 9,281,250 9,281,25080,437,500167,062,50         0         0         0         0         0         0         0         0         0         0         0
   297      91540402Juan Camil         024,750,000         011,000,000 5,500,000 5,500,000 5,500,000 5,500,00057,750,000189,750,00         0         0         0         0         0         0         0         0         0         044,500,000
   309    1098641945Andres Fel         042,000,000         016,500,000 8,250,000 8,250,000 8,250,000 8,250,00091,500,000148,500,00         0         0         0         0         0         0         0         0         0         0         0
   142    1098631874Maria Caro         020,000,000         020,000,00020,000,00020,000,00020,000,00010,000,000110,000,0040,000,000         0         0         0         0         0         0         0         0         0         040,000,000
    71    1010170542Ronald Alb         020,000,000         021,000,000         0 9,000,00050,000,00030,000,000130,000,0020,000,000         0         0         0         0         0         0         0         0         0         020,000,000
   242      37547426Silvia Bib         020,000,00025,000,000         0         0         0         0         045,000,00030,000,000         0         0         0         0         0         0         0         0         0         0         0
   341      37513526Maria Caro         010,000,00020,000,000         0 5,625,00011,250,000         0 5,625,00052,500,00022,500,000         0         0         0         0         0         0         0         0         0         0         0
   621      91292967Jose Manue         020,000,000         010,000,000 7,500,000 7,500,000         0 7,500,00052,500,00022,500,000         0         0         0         0         0         0         0         0         0         0 7,500,000
    21    1098746550Jose Alfre         020,000,00010,000,000         020,000,000 1,000,000 1,000,000 1,000,00053,000,00022,000,000         0         0         0         0         0         0         0         0         0         0         0
   222      63318551Elba Lucia         045,000,000         0         0         0         0         0         045,000,00030,000,000         0         0         0         0         0         0         0         0         0         030,000,000
   167      37721529Paola Lize         040,000,000         0         0         040,000,000         030,000,000110,000,0040,000,000         0         0         0         0         0         0         0         0         0         0
   427      79904435Nerthink M         020,000,000         0         025,000,000         0         025,000,00070,000,00050,000,000         0         0         0         0         0         0         0         0         0         050,000,000
    90     901959141MASC Diseń         010,000,000         0         0         0         0         0         010,000,00065,000,000         0         0         0         0         0         0         0         0         0         020,000,000
   366      91515233Henry Alex         0         020,000,00016,000,00016,000,00016,000,00016,000,00016,000,000100,000,0012,500,000         0         0         0         0         0         0         0         0         0 4,000,000         0
   744      13747551Hector And20,000,000         0         0 9,000,000 9,000,000         0         0 9,000,00047,000,00095,500,000         0         0         0         0         0         0         0         0         0         027,000,000
   103    1015393407Gisela Kar         020,000,000 5,000,000         010,000,000         0 8,000,000 8,000,00051,000,00069,000,000         0         0         0         0         0         0         0         0         0         0 8,000,000
   168      91454463Edgar Silv         0         050,000,000         0         0         050,000,000         0100,000,0050,000,000         0         0         0         0         0         0         0         0         0         025,000,000
   127    1098695937Rafael Dav         020,000,000         0         0         020,000,00020,000,000         060,000,000127,500,00         0         0         0         0         0         0         0         0         0 4,000,000127,500,00
    73      80092607William Jo         020,000,000         0         0         020,000,000         0         040,000,00035,000,000         0         0         0         0         0         0         0         0         0         035,000,000
   822     901854769SILVA REST         032,000,00012,000,00012,000,00012,000,00012,000,00012,000,00012,000,000104,000,0046,000,000         0         0         0         0         0         0         0         0         0         0         0
   169      71367728Pablo Enri         0         020,000,000         0         0         0         0         020,000,000130,000,00         0         0         0         0         0         0         0         0         0         0111,000,00
   216     900557816GRUPO SAMS20,000,000         035,000,000         0         0         0         0         055,000,00020,000,000         0         0         0         0         0         0         0         0         0         020,000,000
    59      13540944Allen Yami         020,000,000         0         042,000,00042,000,000         0         0104,000,0061,000,000         0         0         0         0         0         0         0         0         0 4,000,00061,000,000
   111     804010848COMERPOL S         0         020,000,000         0         055,800,000         018,600,00094,400,00055,600,000         0         0         0         0         0         0         0         0         0         037,200,000
   275      79627543Carlos And         020,000,000         0         0         0         0         0         020,000,000167,500,00         0         0         0         0         0         0         0         0         0 2,000,000167,500,00
   197      88287779Sanin Gome         0         030,000,000         045,000,000         0         0         075,000,00075,000,000         0         0         0         0         0         0         0         0         0 2,000,00075,000,000
   266    1098802279Charles Ed         0         020,000,000         0         0         010,000,000         030,000,00045,000,000         0         0         0         0         0         0         0         0         0         020,000,000
    98    1098647303Enrique Al         0         020,000,000         0         0         0         0         020,000,00055,000,000         0         0         0         0         0         0         0         0         0 2,000,00055,000,000
    95    1097781801Catalina P         020,000,00040,000,00010,000,000         0         010,000,00010,000,00090,000,00097,500,000         0         0         0         0         0         0         0         0         0         097,500,000
   779      79945407Julio Enri         0         010,000,000 2,100,000 2,900,000         0 5,000,000         020,000,00055,000,000         0         0         0         0         0         0         0         0         0 2,000,00015,000,000
   172      91283574Jairo Enri         0         025,000,000         0         0         0         0         025,000,00050,000,000         0         0         0         0         0         0         0         0         0 4,000,00050,000,000
   178    1098764163Elkin Urie         0         020,000,000         0         0         0         0         020,000,00055,000,000         0         0         0         0         0         0         0         0         0         0         0
   329      91292219Cesar Augu         0         020,000,000         0         0         0         0         020,000,000167,500,00         0         0         0         0         0         0         0         0         0         0         0
   188      63343155Claudia Mi20,000,00025,000,000         023,000,000         0         0 5,000,000         073,000,000 2,000,000         0         0         0         0         0         0         0         0         0         0 2,000,000
   129      91478089Ricardo Pa         0         014,425,00025,000,000         010,000,000         010,000,00059,425,00015,575,000         0         0         0         0         0         0         0         0         0         015,575,000
   294      13435824Orlando Di         0         010,000,000         010,000,000         0         0         020,000,00055,000,000         0         0         0         0         0         0         0         0         0         055,000,000
   339      71712888Juan David         020,000,00030,000,000         060,000,000         025,000,000         0135,000,0015,000,000         0         0         0         0         0 4,000,000         0         0 4,000,000         015,000,000
   324     802000282CRECIUNION         0         024,750,000         0         0109,000,00         0         0133,750,0053,750,000         0         0         0         0         0         0         0         0         0 4,000,00053,750,000
   323     800060530ALCA LIMIT         0         024,750,000         0         0109,000,00         0         0133,750,0053,750,000         0         0         0         0         0         0         0         0         0 4,000,00053,750,000
    34      80088335Leonardo E         0         046,000,00026,000,00026,000,000         0         0         098,000,00052,000,000         0         0         0 2,000,000         0         0         0         0 2,000,000         052,000,000
   563      91475103Carlo Gust         020,000,000         010,000,00010,000,00010,000,00010,000,00018,000,00078,000,00072,000,000         0         0         0         0         0         0         0         0         0 2,000,000 2,000,000
    57    1098773539Anggie Nat         020,000,00010,000,00010,000,000         0         0 5,000,000         045,000,00030,000,000         0         0         0         0         0         0         0         0         0         030,000,000
   555     901448459Educacion          0         020,000,000         0         0         0         0         020,000,000130,000,00         0         0         0         0         0         0         0         0         0         0130,000,00
   166      13834402Jose Libar         0         0         0         0         010,000,000         010,000,00020,000,00055,000,000         0         0         0         0         0         0         0         0         0         055,000,000
   319      91492958Camilo Orl         0         0         050,000,000         0         039,000,000         089,000,00061,000,000         0         0         0 2,000,000         0         0         0         0 2,000,000         061,000,000
   585      13715548Fabian Rol         0         0         0         030,000,000         0         0         030,000,00045,000,000         0         0         0         0         0         0         0         0         0         045,000,000
   125      91107916Juan Carlo         0         034,031,250         0         0         0         0         034,031,250213,468,75         0         0         0         0         0         0         0         0         0         037,125,000
   508    1032384671Edinson Ri         0         0         0         025,000,000 5,000,000 5,000,000         035,000,00040,000,000         0         0         0         0         0         0         0         0         0         0 5,000,000
   145     901174570DOCTORES A20,000,000         032,000,00022,000,00032,000,00023,500,00025,701,43316,149,283171,350,7116,149,284         0         0         0         0         0         0         0         0         0         0-3,850,716
   612      13749387John Alexa         020,000,000         010,000,000 7,500,000 7,500,000         0 7,500,00052,500,00022,500,000         0         0         0         0         0         0         0         0         0         0 7,500,000
   225      13870690Julian And         0         033,000,000 9,000,000 9,000,000 9,000,000 9,000,000 9,000,00078,000,000162,000,00         0         0         0         0         0         0         0         0         0         0 2,437,500
   160    1098657327Selim Albe30,000,000 8,250,000 9,142,500         0 8,250,000 8,250,00016,500,000 8,250,00088,642,50023,857,500         0         0         0 2,000,000         0         0         0         0 2,000,000 2,000,000
   184      63529149Libia Clem         0         020,000,000         033,333,333         054,666,667         0108,000,0012,000,000         0         0         0         0         0         0         0         0         0         012,000,000
   288      10244082Hector Fau         0         020,000,000         020,000,000         020,000,000         060,000,00015,000,000         0         0         0         0         0         0         0         0         0         0         0
   120    1005104776Juan Camil         0         010,000,000         0         0         0         0         010,000,00040,000,000         0         0         0         0         0         0         0         0         0         0         0
   100     901556142AZULADO IN         0         021,000,000         0         0 6,000,000 9,000,000         036,000,00039,000,000         0         0         0         0         0         0         0         0         0 4,000,000         0
   562      63307202Claudia Lu         0         0         0         0         0 5,614,836 5,614,836 5,614,83616,844,508252,667,62         0         0         0         0         0         0         0         0         0         0 5,614,836
   296     901284175Holding Th         0         0         0         024,000,000 9,000,000 9,000,000 9,000,00051,000,000189,000,00         0         0         0         0         0         0         0         0         0         0         0
    74     900948147Pelletco S         0         038,000,000         0         0         018,000,000         056,000,00019,000,000         0         0         0         0         0         0         0         0         0         019,000,000
   230    1097096316Santiago A         0         0         0         024,000,000         0 9,000,000 9,000,00042,000,000198,000,000                                                          0         0         0         0           9,000,000
   273      19479543Hernan Dua         0         0         0         015,000,00015,000,000         030,000,00060,000,00015,000,000         0         0         0         0         0         0         0         0         0         0         0
    8       91518254Wilson Pra         0         0         0         020,000,000         0         0         020,000,000130,000,00         0         0         0         0         0         0         0         0         0         0         0
   135      88227021Wilmer Leo         0         0         0         024,750,000         018,562,500         043,312,500204,187,50         0         0         0         0         0         0         0         0         0         018,562,500
   258     890208220Cabańa del         0         0         0         040,000,000         0         021,000,00061,000,00014,000,000         0         0         0         0         0         0         0         0         0         0 7,000,000
   823        266210David Barr         0         0         0         0         0         066,000,000         066,000,000 9,000,000         0         0         0         0         0         0         0         0         0 2,000,000 9,000,000
   502      91446513Mauricio P         0         0         0         050,000,000         0         0         050,000,000100,000,00         0         0         0         0         0         0         0         0         0         0         0
   161      91216911Nelson Alb         0         0         0         020,000,00010,000,000         0         030,000,00090,000,000         0         0         0         0         0         0         0 4,000,000 4,000,000-4,000,00030,000,000
   218     901878795Actos Jurí         0         0         0         0         034,031,250 9,281,250 9,281,25052,593,750194,906,25         0         0         0         0         0         0         0         0         0         0         0
   240    1098623465Andres Gui         0         0         0         0         018,750,00018,750,00018,750,00056,250,000131,250,00         0         0         0         0         0         0         0         0         0         0         0
   285       3745694Alfonso Ed         0         0         0         0         012,500,00012,450,00012,500,00037,450,00037,550,000         0         0         0         0         0         0         0         0         0         012,550,000
    33      37862883Henny Lize         0         0         0         0         080,000,000         0         080,000,000107,500,00         0         0         0         0         0         0         0         0         0         060,625,000
   650      63293083Gloria Isa         0         0         0         0         0         0         0         0         067,500,000         0         0         0         0         0         0         0         0         0         057,500,000
   344      91204130Fosion Muj         020,000,00010,000,000         020,000,000         010,000,000         060,000,00015,000,000         0         0         0         0         0 2,000,000         0         0 2,000,000 2,000,00015,000,000
   134    1098794575Pedro Luis         0         0         020,000,000         011,000,00011,000,00011,000,00053,000,00022,000,000         0         0         0         0         0         0         0         0         0         011,000,000
   164      13835761Fernando V         0         0         0         0         0         0         0         0         075,000,000         0         0         0         0         0         0         0         0         0         075,000,000
   267      91528687Javier Fer         0         0         0         0 3,260,870 3,260,870 3,260,870         0 9,782,61065,217,390         0         0         0         0         0         0         0         0         0         0 3,260,870
    23    1098672146Laura Patr         0         0         0         0 3,260,870 3,260,870 3,260,870         0 9,782,61065,217,390         0         0         0         0         0         0         0         0         0         0 3,260,870
   276      79904951Mario Cria         0         0         0         0         020,000,000         0         020,000,000130,000,00         0         0         0         0         0         0         0         0         0         0         0
    72      19350629Gilberto C         0         0         0         0         0         024,750,000         024,750,000222,750,00         0         0         0         0         0         0         0         0         0         027,843,750
   838      91278662Javier Mau         0         0         0         0         030,000,00030,000,000         060,000,00090,000,000         0         0         0         0         0         0         0         0         0         090,000,000
   399     890203822Club Atlét         0         0         0         0         0         024,750,00020,250,00045,000,000202,500,00         0         0         0         0         0         0 4,000,000         0 4,000,000-2,000,00020,250,000
    62      27602214Tatiana Ma         0         0         030,000,00040,000,000         040,000,000         0110,000,0040,000,000         0         0         0         0         0         0         0         0         0 2,000,00040,000,000
   981      63551114Ivonne Pat         0         0         0         0         0         0         0         0         0150,000,00         0         0         0         0         0         0         0         0         0         030,000,000
   311     901820211Luxor Cars         0         0         0         0         0         0         0 5,614,836 5,614,836263,897,29         0         0         0         0         0         0         0         0         0         0         0
   299    1095800271Sandra Pla         0         0         0         0         0         0         0         0         075,000,000         0         0         0         0         0         0         0         0         0         075,000,000
   303      63540205Nancy Andr         0         0         0         0         0         0         0         0         075,000,000         0         0         0         0         0         0         0         0         0         075,000,000
   250    1098629567Juliana Ib         0         0         0         0         0         0         0         0         075,000,000         0         0         0         0         0         0         0         0         0 2,000,00075,000,000
   265    1098742265Javier Leo         0         0         0         0         0         0         0         0         075,000,000         0         0         0         0         0         0         0         0         0 2,000,00075,000,000
   155      80819376Carlos Ern         0         0         0         0         0         0         0         0         075,000,000         0         0         0         0         0         0         0         0         0         075,000,000
                                       0         0         0         0         0         0         0         0         0247,500,00         0         0         0         0         0         0         0         0         0         0
                                       0         0         0         0         0         0         0         0         0247,500,00         0         0         0         0         0         0         0         0         0         0
                                       0         0         0         0         0         0         0         0         0247,500,00         0         0         0         0         0         0         0         0         0         0
                                       0         0         0         0         0         0         0         0         0247,500,00         0         0         0         0         0         0         0         0         0         0
                                       0         0         0         0         0         0         0         0         0247,500,00         0         0         0         0         0         0         0         0         0         0
                                       0         0         0         0         0         0         0         0         0247,500,00         0         0         0         0         0         0         0         0         0         0
                                       0         0         0         0         0         0         0         0         0247,500,00         0         0         0         0         0         0         0         0         0         0
                                       0         0         0         0         0         0         0         0         0247,500,00         0         0         0         0         0         0         0         0         0         0
                                       0         0         0         0         0         0         0         0         0247,500,00         0         0         0         0         0         0         0         0         0         0
                                       0         0         0         0         0         0         0         0         0247,500,00         0         0         0         0         0         0         0         0         0         0
                                       0         0         0         0         0         0         0         0         0247,500,00         0         0         0         0         0         0         0         0         0         0
                                       0         0         0         0         0         0         0         0         0247,500,00         0         0         0         0         0         0         0         0         0         0
                                       0         0         0         0         0         0         0         0         0247,500,00         0         0         0         0         0         0         0         0         0         0
                                       0         0         0         0         0         0         0         0         0247,500,00         0         0         0         0         0         0         0         0         0         0
                                       0         0         0         0         0         0         0         0         0247,500,00         0         0         0         0         0         0         0         0         0         0
                                       0         0         0         0         0         0         0         0         0247,500,00         0         0         0         0         0         0         0         0         0         0
                                       0         0         0         0         0         0         0         0         0247,500,00         0         0         0         0         0         0         0         0         0         0
                                       0         0         0         0         0         0         0         0         0247,500,00         0         0         0         0         0         0         0         0         0         0
                                       0         0         0         0         0         0         0         0         0247,500,00         0         0         0         0         0         0         0         0         0         0
                                       0         0         0         0         0         0         0         0         0247,500,00         0         0         0         0         0         0         0         0         0         0
                                       0         0         0         0         0         0         0         0         0247,500,00         0         0         0         0         0         0         0         0         0         0
                                       0         0         0         0         0         0         0         0         0247,500,00         0         0         0         0         0         0         0         0         0         0
                                       0         0         0         0         0         0         0         0         0247,500,00         0         0         0         0         0         0         0         0         0         0
                                       0         0         0         0         0         0         0         0         0247,500,00         0         0         0         0         0         0         0         0         0         0
                                       0         0         0         0         0         0         0         0         0247,500,00         0         0         0         0         0         0         0         0         0         0
                                       0         0         0         0         0         0         0         0         0247,500,00         0         0         0         0         0         0         0         0         0         0
                                       0         0         0         0         0         0         0         0         0247,500,00         0         0         0         0         0         0         0         0         0         0
                                       0         0         0         0         0         0         0         0         0247,500,00         0         0         0         0         0         0         0         0         0         0
                                       0         0         0         0         0         0         0         0         0247,500,00         0         0         0         0         0         0         0         0         0         0
                                       0         0         0         0         0         0         0         0         0247,500,00         0         0         0         0         0         0         0         0         0         0
                                       0         0         0         0         0         0         0         0         0247,500,00         0         0         0         0         0         0         0         0         0         0
                                       0         0         0         0         0         0         0         0         0247,500,00         0         0         0         0         0         0         0         0         0         0
                                       0         0         0         0         0         0         0         0         0247,500,00         0         0         0         0         0         0         0         0         0         0
                                       0         0         0         0         0         0         0         0         0247,500,00         0         0         0         0         0         0         0         0         0         0
                                       0         0         0         0         0         0         0         0         0247,500,00         0         0         0         0         0         0         0         0         0         0
                                       0         0         0         0         0         0         0         0         0247,500,00         0         0         0         0         0         0         0         0         0         0
                                       0         0         0         0         0         0         0         0         0247,500,00         0         0         0         0         0         0         0         0         0         0
                                       0         0         0         0         0         0         0         0         0247,500,00         0         0         0         0         0         0         0         0         0         0
                                       0         0         0         0         0         0         0         0         0240,000,00         0         0         0         0         0         0         0         0         0         0
                                       0         0         0         0         0         0         0         0         0247,500,00         0         0         0         0         0         0         0         0         0         0
                                       0         0         0         0         0         0         0         0         0247,500,00         0         0         0         0         0         0         0         0         0         0
                                       0         0         0         0         0         0         0         0         0247,500,00         0         0         0         0         0         0         0         0         0         0
                                       0         0         0         0         0         0         0         0         0240,000,00         0         0         0         0         0         0         0         0         0         0
                                       0         0         0         0         0         0         0         0         0247,500,00         0         0         0         0         0         0         0         0         0         0
                                       0         0         0         0         0         0         0         0         0247,500,00         0         0         0         0         0         0         0         0         0         0
                                       0         0         0         0         0         0         0         0         0240,000,00         0         0         0         0         0         0         0         0         0         0
                                       0         0         0         0         0         0         0         0         0247,500,00         0         0         0         0         0         0         0         0         0         0
                                       0         0         0         0         0         0         0         0         0247,500,00         0         0         0         0         0         0         0         0         0         0
                                       0         0         0         0         0         0         0         0         0247,500,00         0         0         0         0         0         0         0         0         0         0
                                       0         0         0         0         0         0         0         0         0247,500,00         0         0         0         0         0         0         0         0         0         0
                                       0         0         0         0         0         0         0         0         0240,000,00         0         0         0         0         0         0         0         0         0         0
                                       0         0         0         0         0         0         0         0         0247,500,00         0         0         0         0         0         0         0         0         0         0
                                       0         0         0         0         0         0         0         0         0247,500,00         0         0         0         0         0         0         0         0         0         0
                                       0         0         0         0         0         0         0         0         0247,500,00         0         0         0         0         0         0         0         0         0         0
                                       0         0         0         0         0         0         0         0         0240,000,00         0         0         0         0         0         0         0         0         0         0
                                       0         0         0         0         0         0         0         0         0247,500,00         0         0         0         0         0         0         0         0         0         0
                                       0         0         0         0         0         0         0         0         0247,500,00         0         0         0         0         0         0         0         0         0         0
                                       0         0         0         0         0         0         0         0         0247,500,00         0         0         0         0         0         0         0         0         0         0
                                       0         0         0         0         0         0         0         0         0240,000,00         0         0         0         0         0         0         0         0         0         0
                                       0         0         0         0         0         0         0         0         0247,500,00         0         0         0         0         0         0         0         0         0         0
                                       0         0         0         0         0         0         0         0         0247,500,00         0         0         0         0         0         0         0         0         0         0
                                       0         0         0         0         0         0         0         0         0240,000,00         0         0         0         0         0         0         0         0         0         0
                                       0         0         0         0         0         0         0         0         0247,500,00         0         0         0         0         0         0         0         0         0         0
                                       0         0         0         0         0         0         0         0         0240,000,00         0         0         0         0         0         0         0         0         0         0
                                       0         0         0         0         0         0         0         0         0240,000,00         0         0         0         0         0         0         0         0         0         0
                                       0         0         0         0         0         0         0         0         0240,000,00         0         0         0         0         0         0         0         0         0         0
                                       0         0         0         0         0         0         0         0         0240,000,00         0         0         0         0         0         0         0         0         0         0
                                       0         0         0         0         0         0         0         0         0240,000,00         0         0         0         0         0         0         0         0         0         0
                                       0         0         0         0         0         0         0         0         0240,000,00         0         0         0         0         0         0         0         0         0         0
                                       0         0         0         0         0         0         0         0         0240,000,00         0         0         0         0         0         0         0         0         0         0
                                       0         0         0         0         0         0         0         0         0240,000,00         0         0         0         0         0         0         0         0         0         0
                                       0         0         0         0         0         0         0         0         0240,000,00         0         0         0         0         0         0         0         0         0         0
                                       0         0         0         0         0         0         0         0         0240,000,00         0         0         0         0         0         0         0         0         0         0
                                       0         0         0         0         0         0         0         0         0240,000,00         0         0         0         0         0         0         0         0         0         0
                                       0         0         0         0         0         0         0         0         0240,000,00         0         0         0         0         0         0         0         0         0         0
                                       0         0         0         0         0         0         0         0         0240,000,00         0         0         0         0         0         0         0         0         0         0
                                       0         0         0         0         0         0         0         0         0287,500,00         0         0         0         0         0         0         0         0         0         0
                                       0         0         0         0         0         0         0         0         0287,500,00         0         0         0         0         0         0         0         0         0         0
                                       0         0         0         0         0         0         0         0         0280,000,00         0         0         0         0         0         0         0         0         0         0
                                       0         0         0         0         0         0         0         0         0287,500,00         0         0         0         0         0         0         0         0         0         0
                                       0         0         0         0         0         0         0         0         0287,500,00         0         0         0         0         0         0         0         0         0         0
                                       0         0         0         0         0         0         0         0         0280,000,00         0         0         0         0         0         0         0         0         0         0
                                       0         0         0         0         0         0         0         0         0287,500,00         0         0         0         0         0         0         0         0         0         0
                                       0         0         0         0         0         0         0         0         0287,500,00         0         0         0         0         0         0         0         0         0         0
                                       0         0         0         0         0         0         0         0         0280,000,00         0         0         0         0         0         0         0         0         0         0
                                       0         0         0         0         0         0         0         0         0287,500,00         0         0         0         0         0         0         0         0         0         0
                                       0         0         0         0         0         0         0         0         0287,500,00         0         0         0         0         0         0         0         0         0         0
                                       0         0         0         0         0         0         0         0         0280,000,00         0         0         0         0         0         0         0         0         0         0
                                       0         0         0         0         0         0         0         0         0287,500,00         0         0         0         0         0         0         0         0         0         0
                                       0         0         0         0         0         0         0         0         0287,500,00         0         0         0         0         0         0         0         0         0         0
                                       0         0         0         0         0         0         0         0         0287,500,00         0         0         0         0         0         0         0         0         0         0
                                       0         0         0         0         0         0         0         0         0287,500,00         0         0         0         0         0         0         0         0         0         0
                                       0         0         0         0         0         0         0         0         0280,000,00         0         0         0         0         0         0         0         0         0         0
                                       0         0         0         0         0         0         0         0         0287,500,00         0         0         0         0         0         0         0         0         0         0
                                       0         0         0         0         0         0         0         0         0287,500,00         0         0         0         0         0         0         0         0         0         0
                                       0         0         0         0         0         0         0         0         0280,000,00         0         0         0         0         0         0         0         0         0         0
                                       0         0         0         0         0         0         0         0         0287,500,00         0         0         0         0         0         0         0         0         0         0
                                       0         0         0         0         0         0         0         0         0287,500,00         0         0         0         0         0         0         0         0         0         0
                                       0         0         0         0         0         0         0         0         0280,000,00         0         0         0         0         0         0         0         0         0         0
                                       0         0         0         0         0         0         0         0         0287,500,00         0         0         0         0         0         0         0         0         0         0
                                       0         0         0         0         0         0         0         0         0287,500,00         0         0         0         0         0         0         0         0         0         0
                                       0         0         0         0         0         0         0         0         0280,000,00         0         0         0         0         0         0         0         0         0         0
                                       0         0         0         0         0         0         0         0         0287,500,00         0         0         0         0         0         0         0         0         0         0
                                       0         0         0         0         0         0         0         0         0287,500,00         0         0         0         0         0         0         0         0         0         0
                                       0         0         0         0         0         0         0         0         0280,000,00         0         0         0         0         0         0         0         0         0         0
                                       0         0         0         0         0         0         0         0         0287,500,00         0         0         0         0         0         0         0         0         0         0
                                       0         0         0         0         0         0         0         0         0287,500,00         0         0         0         0         0         0         0         0         0         0
                                       0         0         0         0         0         0         0         0         0280,000,00         0         0         0         0         0         0         0         0         0         0
                                       0         0         0         0         0         0         0         0         0287,500,00         0         0         0         0         0         0         0         0         0         0
                                       0         0         0         0         0         0         0         0         0280,000,00         0         0         0         0         0         0         0         0         0         0
                                       0         0         0         0         0         0         0         0         0287,500,00         0         0         0         0         0         0         0         0         0         0
                                       0         0         0         0         0         0         0         0         0280,000,00         0         0         0         0         0         0         0         0         0         0
                                       0         0         0         0         0         0         0         0         0300,000,00         0         0         0         0         0         0         0         0         0         0
                                       0         0         0         0         0         0         0         0         0292,500,00         0         0         0         0         0         0         0         0         0         0
                                       0         0         0         0         0         0         0         0         0300,000,00         0         0         0         0         0         0         0         0         0         0
                                       0         0         0         0         0         0         0         0         0300,000,00         0         0         0         0         0         0         0         0         0         0
                                       0         0         0         0         0         0         0         0         0292,500,00         0         0         0         0         0         0         0         0         0         0
                                       0         0         0         0         0         0         0         0         0300,000,00         0         0         0         0         0         0         0         0         0         0
                                       0         0         0         0         0         0         0         0         0300,000,00         0         0         0         0         0         0         0         0         0         0
                                       0         0         0         0         0         0         0         0         0292,500,00         0         0         0         0         0         0         0         0         0         0
                                       0         0         0         0         0         0         0         0         0300,000,00         0         0         0         0         0         0         0         0         0         0
                                       0         0         0         0         0         0         0         0         0300,000,00         0         0         0         0         0         0         0         0         0         0
                                       0         0         0         0         0         0         0         0         0292,500,00         0         0         0         0         0         0         0         0         0         0
                                       0         0         0         0         0         0         0         0         0300,000,00         0         0         0         0         0         0         0         0         0         0
                                       0         0         0         0         0         0         0         0         0300,000,00         0         0         0         0         0         0         0         0         0         0
                                       0         0         0         0         0         0         0         0         0292,500,00         0         0         0         0         0         0         0         0         0         0
                                       0         0         0         0         0         0         0         0         0300,000,00         0         0         0         0         0         0         0         0         0         0
                                       0         0         0         0         0         0         0         0         0300,000,00         0         0         0         0         0         0         0         0         0         0
                                       0         0         0         0         0         0         0         0         0292,500,00         0         0         0         0         0         0         0         0         0         0
                                       0         0         0         0         0         0         0         0         0300,000,00         0         0         0         0         0         0         0         0         0         0
                                       0         0         0         0         0         0         0         0         0300,000,00         0         0         0         0         0         0         0         0         0         0
                                       0         0         0         0         0         0         0         0         0292,500,00         0         0         0         0         0         0         0         0         0         0
                                       0         0         0         0         0         0         0         0         0300,000,00         0         0         0         0         0         0         0         0         0         0
                                       0         0         0         0         0         0         0         0         0300,000,00         0         0         0         0         0         0         0         0         0         0
                                       0         0         0         0         0         0         0         0         0292,500,00         0         0         0         0         0         0         0         0         0         0
                                       0         0         0         0         0         0         0         0         0300,000,00         0         0         0         0         0         0         0         0         0         0
                                       0         0         0         0         0         0         0         0         0300,000,00         0         0         0         0         0         0         0         0         0         0
                                       0         0         0         0         0         0         0         0         0292,500,00         0         0         0         0         0         0         0         0         0         0
                                       0         0         0         0         0         0         0         0         0300,000,00         0         0         0         0         0         0         0         0         0         0
                                       0         0         0         0         0         0         0         0         0292,500,00         0         0         0         0         0         0         0         0         0         0
                                       0         0         0         0         0         0         0         0         0300,000,00         0         0         0         0         0         0         0         0         0         0
                                       0         0         0         0         0         0         0         0         0300,000,00         0         0         0         0         0         0         0         0         0         0
                                       0         0         0         0         0         0         0         0         0292,500,00         0         0         0         0         0         0         0         0         0         0
                                       0         0         0         0         0         0         0         0         0300,000,00         0         0         0         0         0         0         0         0         0         0
                                       0         0         0         0         0         0         0         0         0300,000,00         0         0         0         0         0         0         0         0         0         0
                                       0         0         0         0         0         0         0         0         0292,500,00         0         0         0         0         0         0         0         0         0         0
                                       0         0         0         0         0         0         0         0         0300,000,00         0         0         0         0         0         0         0         0         0         0
                                       0         0         0         0         0         0         0         0         0300,000,00         0         0         0         0         0         0         0         0         0         0
                                       0         0         0         0         0         0         0         0         0292,500,00         0         0         0         0         0         0         0         0         0         0
                                       0         0         0         0         0         0         0         0         0300,000,00         0         0         0         0         0         0         0         0         0         0
                                       0         0         0         0         0         0         0         0         0300,000,00         0         0         0         0         0         0         0         0         0         0
                                       0         0         0         0         0         0         0         0         0292,500,00         0         0         0         0         0         0         0         0         0         0
                                       0         0         0         0         0         0         0         0         0300,000,00         0         0         0         0         0         0         0         0         0         0
                                       0         0         0         0         0         0         0         0         0300,000,00         0         0         0         0         0         0         0         0         0         0
                                       0         0         0         0         0         0         0         0         0300,000,00         0         0         0         0         0         0         0         0         0         0
                                       0         0         0         0         0         0         0         0         0300,000,00         0         0         0         0         0         0         0         0         0         0
                                       0         0         0         0         0         0         0         0         0300,000,00         0         0         0         0         0         0         0         0         0         0
                                       0         0         0         0         0         0         0         0         0300,000,00         0         0         0         0         0         0         0         0         0         0
                                       0         0         0         0         0         0         0         0         0300,000,00         0         0         0         0         0         0         0         0         0         0
                                       0         0         0         0         0         0         0         0         0300,000,00         0         0         0         0         0         0         0         0         0         0
                                       0         0         0         0         0         0         0         0         0292,500,00         0         0         0         0         0         0         0         0         0         0
                                       0         0         0         0         0         0         0         0         0300,000,00         0         0         0         0         0         0         0         0         0         0
                                       0         0         0         0         0         0         0         0         0300,000,00         0         0         0         0         0         0         0         0         0         0
                                       0         0         0         0         0         0         0         0         0300,000,00         0         0         0         0         0         0         0         0         0         0
                                       0         0         0         0         0         0         0         0         0300,000,00         0         0         0         0         0         0         0         0         0         0
                                       0         0         0         0         0         0         0         0         0300,000,00         0         0         0         0         0         0         0         0         0         0
                                       0         0         0         0         0         0         0         0         0300,000,00         0         0         0         0         0         0         0         0         0         0
                                       0         0         0         0         0         0         0         0         0300,000,00         0         0         0         0         0         0         0         0         0         0
                                       0         0         0         0         0         0         0         0         0300,000,00         0         0         0         0         0         0         0         0         0         0
                                       0         0         0         0         0         0         0         0         0300,000,00         0         0         0         0         0         0         0         0         0         0
                                       0         0         0         0         0         0         0         0         0300,000,00         0         0         0         0         0         0         0         0         0         0
                                       0         0         0         0         0         0         0         0         0292,500,00         0         0         0         0         0         0         0         0         0         0
                                       0         0         0         0         0         0         0         0         0350,000,00         0         0         0         0         0         0         0         0         0         0
                                       0         0         0         0         0         0         0         0         0342,500,00         0         0         0         0         0         0         0         0         0         0
                                       0         0         0         0         0         0         0         0         0350,000,00         0         0         0         0         0         0         0         0         0         0
                                       0         0         0         0         0         0         0         0         0350,000,00         0         0         0         0         0         0         0         0         0         0
                                       0         0         0         0         0         0         0         0         0350,000,00         0         0         0         0         0         0         0         0         0         0
                                       0         0         0         0         0         0         0         0         0342,500,00         0         0         0         0         0         0         0         0         0         0
                                       0         0         0         0         0         0         0         0         0350,000,00         0         0         0         0         0         0         0         0         0         0
                                       0         0         0         0         0         0         0         0         0350,000,00         0         0         0         0         0         0         0         0         0         0
                                       0         0         0         0         0         0         0         0         0350,000,00         0         0         0         0         0         0         0         0         0         0
                                       0         0         0         0         0         0         0         0         0342,500,00         0         0         0         0         0         0         0         0         0         0
                                       0         0         0         0         0         0         0         0         0350,000,00         0         0         0         0         0         0         0         0         0         0
                                       0         0         0         0         0         0         0         0         0350,000,00         0         0         0         0         0         0         0         0         0         0
                                       0         0         0         0         0         0         0         0         0350,000,00         0         0         0         0         0         0         0         0         0         0
                                       0         0         0         0         0         0         0         0         0342,500,00         0         0         0         0         0         0         0         0         0         0
                                       0         0         0         0         0         0         0         0         0350,000,00         0         0         0         0         0         0         0         0         0         0
                                       0         0         0         0         0         0         0         0         0350,000,00         0         0         0         0         0         0         0         0         0         0
                                       0         0         0         0         0         0         0         0         0350,000,00         0         0         0         0         0         0         0         0         0         0
                                       0         0         0         0         0         0         0         0         0342,500,00         0         0         0         0         0         0         0         0         0         0
                                       0         0         0         0         0         0         0         0         0350,000,00         0         0         0         0         0         0         0         0         0         0
                                       0         0         0         0         0         0         0         0         0350,000,00         0         0         0         0         0         0         0         0         0         0
                                       0         0         0         0         0         0         0         0         0350,000,00         0         0         0         0         0         0         0         0         0         0
                                       0         0         0         0         0         0         0         0         0350,000,00         0         0         0         0         0         0         0         0         0         0
                                       0         0         0         0         0         0         0         0         0342,500,00         0         0         0         0         0         0         0         0         0         0
                                       0         0         0         0         0         0         0         0         0350,000,00         0         0         0         0         0         0         0         0         0         0
                                       0         0         0         0         0         0         0         0         0350,000,00         0         0         0         0         0         0         0         0         0         0
                                       0         0         0         0         0         0         0         0         0350,000,00         0         0         0         0         0         0         0         0         0         0
                                       0         0         0         0         0         0         0         0         0350,000,00         0         0         0         0         0         0         0         0         0         0
                                       0         0         0         0         0         0         0         0         0342,500,00         0         0         0         0         0         0         0         0         0         0
                                       0         0         0         0         0         0         0         0         0350,000,00         0         0         0         0         0         0         0         0         0         0
                                       0         0         0         0         0         0         0         0         0350,000,00         0         0         0         0         0         0         0         0         0         0
                                       0         0         0         0         0         0         0         0         0350,000,00         0         0         0         0         0         0         0         0         0         0
                                       0         0         0         0         0         0         0         0         0350,000,00         0         0         0         0         0         0         0         0         0         0
                                       0         0         0         0         0         0         0         0         0350,000,00         0         0         0         0         0         0         0         0         0         0
                                       0         0         0         0         0         0         0         0         0342,500,00         0         0         0         0         0         0         0         0         0         0
                                       0         0         0         0         0         0         0         0         0350,000,00         0         0         0         0         0         0         0         0         0         0
                                       0         0         0         0         0         0         0         0         0350,000,00         0         0         0         0         0         0         0         0         0         0
                                       0         0         0         0         0         0         0         0         0350,000,00         0         0         0         0         0         0         0         0         0         0
                                       0         0         0         0         0         0         0         0         0350,000,00         0         0         0         0         0         0         0         0         0         0
                                       0         0         0         0         0         0         0         0         0350,000,00         0         0         0         0         0         0         0         0         0         0
                                       0         0         0         0         0         0         0         0         0350,000,00         0         0         0         0         0         0         0         0         0         0
                                       0         0         0         0         0         0         0         0         0350,000,00         0         0         0         0         0         0         0         0         0         0
                                       0         0         0         0         0         0         0         0         0350,000,00         0         0         0         0         0         0         0         0         0         0
                                       0         0         0         0         0         0         0         0         0350,000,00         0         0         0         0         0         0         0         0         0         0
                                       0         0         0         0         0         0         0         0         0350,000,00         0         0         0         0         0         0         0         0         0         0
                                       0         0         0         0         0         0         0         0         0342,500,00         0         0         0         0         0         0         0         0         0         0
                                       0         0         0         0         0         0         0         0         0350,000,00         0         0         0         0         0         0         0         0         0         0
                                       0         0         0         0         0         0         0         0         0350,000,00         0         0         0         0         0         0         0         0         0         0
                                       0         0         0         0         0         0         0         0         0350,000,00         0         0         0         0         0         0         0         0         0         0
                                       0         0         0         0         0         0         0         0         0350,000,00         0         0         0         0         0         0         0         0         0         0
                                       0         0         0         0         0         0         0         0         0350,000,00         0         0         0         0         0         0         0         0         0         0
                                       0         0         0         0         0         0         0         0         0342,500,00         0         0         0         0         0         0         0         0         0         0
                                       0         0         0         0         0         0         0         0         0350,000,00         0         0         0         0         0         0         0         0         0         0
                                       0         0         0         0         0         0         0         0         0350,000,00         0         0         0         0         0         0         0         0         0         0
                                       0         0         0         0         0         0         0         0         0350,000,00         0         0         0         0         0         0         0         0         0         0
                                       0         0         0         0         0         0         0         0         0350,000,00         0         0         0         0         0         0         0         0         0         0
                                       0         0         0         0         0         0         0         0         0350,000,00         0         0         0         0         0         0         0         0         0         0
                                       0         0         0         0         0         0         0         0         0342,500,00         0         0         0         0         0         0         0         0         0         0
                                       0         0         0         0         0         0         0         0         0350,000,00         0         0         0         0         0         0         0         0         0         0
                                       0         0         0         0         0         0         0         0         0350,000,00         0         0         0         0         0         0         0         0         0         0
                                       0         0         0         0         0         0         0         0         0350,000,00         0         0         0         0         0         0         0         0         0         0
                                       0         0         0         0         0         0         0         0         0350,000,00         0         0         0         0         0         0         0         0         0         0
                                       0         0         0         0         0         0         0         0         0350,000,00         0         0         0         0         0         0         0         0         0         0
                                       0         0         0         0         0         0         0         0         0350,000,00         0         0         0         0         0         0         0         0         0         0
                                       0         0         0         0         0         0         0         0         0350,000,00         0         0         0         0         0         0         0         0         0         0
                                       0         0         0         0         0         0         0         0         0342,500,00         0         0         0         0         0         0         0         0         0         0
                                      $0        $0        $0        $0
Mora a Abr
 4,000,000
54,000,000
45,000,000
27,500,000
20,000,000

10,000,000
-10,000,00
-20,000,00

20,500,000
55,000,000
 4,995,000
60,000,000
-1,150,000
         0
15,000,000

10,000,000
30,000,000
 4,500,000
65,000,000
55,000,000
         0
34,000,000
48,000,000
20,000,000
30,000,000
11,000,000
         0
-9,281,250
-5,500,000

10,000,000
20,000,000
         0
-5,625,000
         0
-1,000,000
30,000,000

50,000,000
20,000,000
-16,000,00
18,000,000
         0
         0
127,500,00
35,000,000
-12,000,00
92,500,000
20,000,000
61,000,000
18,600,000
167,500,00
75,000,000
15,000,000
55,000,000
97,500,000
10,000,000
50,000,000
         0
         0
 2,000,000
15,575,000
55,000,000
         0
31,000,000
31,000,000
52,000,000
-8,000,000
30,000,000
97,500,000
55,000,000
61,000,000
45,000,000
27,843,750
         0

         0


12,000,000
         0
         0

         0

19,000,000
         0
-15,000,00
         0
 9,281,250
         0
 9,000,000
         0
         0


    50,000
37,187,500
37,500,000
15,000,000
         0
55,000,000
         0
         0
         0
18,562,500
         0
         0
40,000,000
         0
-5,614,836
60,000,000
75,000,000
75,000,000
75,000,000
75,000,000














































































































































































































































